20
527 337 116 865 315 514 520 162 295 954 218 594 323 951 162 806 902 728 140 840
643 643 744 406 534 613 743 709 719 959 165 250 413 581 166 494 514 317 260 376
124 583 601 919 106 153 992 510 837 673 406 358 764 884 243 350 378 780 374 630
192 691 668 854 768 244 570 282 492 624 166 612 443 941 844 440 712 488 831 741
543 450 388 662 981 605 796 440 288 847 612 294 244 343 173 850 372 169 817 570
712 551 807 164 520 279 771 960 610 697 337 943 233 833 369 907 965 479 786 477
579 689 924 360 856 523 893 633 844 295 170 736 562 888 585 875 419 141 508 387
439 521 911 904 378 926 488 890 953 338 548 189 534 101 261 705 138 879 111 758
383 435 421 546 867 837 918 900 100 678 726 287 764 296 958 329 430 531 181 224
649 455 867 392 777 424 522 132 873 820 376 165 963 301 452 626 559 370 257 403
191 773 385 737 650 710 601 590 955 832 487 241 674 326 534 741 218 305 320 696
259 501 560 780 823 666 237 513 385 318 233 338 932 438 542 110 336 826 789 952
783 199 572 392 943 384 717 539 350 338 101 510 351 626 907 348 913 904 813 549
848 794 644 292 112 300 762 826 343 142 562 712 939 212 480 588 527 972 356 145
265 671 134 834 593 352 551 701 783 254 447 617 408 416 750 231 353 144 508 508
819 822 246 626 605 574 606 531 938 310 289 446 141 290 773 967 173 574 968 636
660 303 629 227 330 542 997 611 332 642 608 514 605 191 160 768 644 261 510 651
168 272 217 654 477 698 707 384 769 215 576 562 180 473 890 142 429 710 266 972
645 956 767 936 129 741 627 653 345 573 444 792 156 382 447 447 741 775 225 784
913 743 430 292 922 690 159 109 507 172 472 243 434 385 766 997 653 186 167 494
